2
1
0
6
0
4
2
2
0
2
3
0
3
0
0
4
0
3
2
0
2
3
0
0
1
5
1
0
0
0
1
2
0
0
2
3
0
0
2
0
0
0
0
0
0
1
1
0
0
0
0
0
0
0
0
0
0
0
0
0
0
0
0
0
0
0
0
0
0
0
0
0
0
0
0
0
0
0
0
0
0
0
0
0
0
0
0
0
0
0
19
0
150
0
327
0
0
187
250
257
1285
0
0
1171
0
1385
626
818
0
1152
1102
2718
0
3339
1602
0
1634
5400
0
0
1843
3762
0
4311
0
2340
5546
3645
0
4894
12966
6432
0
10216
0
4154
6408
0
4099
0
2514
0
2048
0
0
478
425
373
713
0
298
325
310
276
266
487
466
0
0
216
441
219
0
191
214
198
205
359
170
0
357
0
167
169
291
134
0
129
123
110
228
112
212
0
0
108
97
232
0
276
0
159
201
463
239
0
251
557
0
342
451
884
536
584
0
671
1911
1202
1339
0
1689
1936
2207
2633
2703
5735
0
2916
3122
3300
3277
3264
6426
0
6051
0
2843
8996
0
3385
0
3430
3807
4378
13829
5873
0
0
16714
0
46684
0
0
29276
0
4064
674
90
33
0
14
0
10
16
0
2