0
0
0
0
0
0
0
0
0
0
19
0
150
0
134
193
0
187
250
257
413
872
0
652
519
1385
626
0
818
1152
1102
2718
0
1518
1821
1602
1634
1847
3553
0
1843
1776
1986
4311
0
2340
2539
3007
3645
4894
12966
6432
0
10216
0
4154
6408
0
4099
0
2514
0
851
1197
0
478
425
373
356
357
298
325
310
276
266
242
245
466
0
216
441
0
219
191
214
198
205
359
0
170
357
0
167
169
291
0
134
129
123
110
228
112
0
212
0
108
97
232
0
141
135
159
201
463
239
0
251
557
0
342
451
884
0
536
584
671
1911
1202
0
1339
1689
1936
2207
2633
2703
2871
2864
2916
3122
3300
3277
3264
6426
0
3094
2957
2843
2891
6105
0
3385
3430
3807
4378
4241
9588
5873
0
7293
9421
12473
34211
0
17639
11637
4064
674
90
33
0
3
11
10
9
7
2
0
2
1
3
3
4
2
0
2
2
0
3
1
2
0
3
1
3
2
0
2
1
2
0
1
4
1
1
0
0
1
1
1
0
2
3
0
0
0
2
0
0
0
0
0
1
1
0
0
0
0
0
0
0
0
0
0
0
0
0
0
0
0
0
0
0
0
0
0
0
0
0
0
0
0
0
0
0
0
0
