148 
152 
148 
151 
147 
144 
154 
143 
144 
160 
143 
148 
144 
144 
144 
143 
146 
142 
152 
145 
136 
149 
148 
145 
147 
143 
152 
143 
141 
135 
134 
139 
132 
136 
142 
136 
151 
139 
140 
141 
135 
137 
137 
138 
136 
135 
133 
138 
140 
127 
135 
144 
128 
139 
131 
133 
133 
129 
133 
132 
131 
129 
136 
130 
126 
135 
128 
134 
132 
130 
134 
128 
135 
133 
130 
136 
131 
132 
130 
131 
130 
132 
134 
133 
139 
137 
138 
141 
136 
140 
140 
138 
142 
140 
141 
138 
139 
140 
136 
144 
149 
138 
152 
156 
143 
155 
155 
154 
163 
158 
161 
161 
158 
163 
161 
161 
168 
160 
156 
153 
136 
131 
114 
105 
92 
76 
73 
69 
62 
75 
94 
114 
126 
127 
121 
120 
122 
156 
181 
198 
194 
156 
172 
183 
224 
214 
174 
149 
101 
83 
108 
138 
153 
156 
133 
190 
188 
128 
145 
178 
167 
141 
121 
142 
174 
201 
193 
184 
187 
187 
185 
183 
188 
187 
188 
188 
188 
195 
190 
182 
200 
182 
174 
165 
165 
165 
164 
166 
163 
164 
165 
165 
165 
164 
164 
164 
166 
166 
169 
169 
166 
167 
167 
166 
166 
165 
165 
165 
166 
164 
167 
168 
168 
169 
167 
166 
163 
161 
161 
163 
167 
163 
163 
162 
161 
163 
165 
165 
165 
165 
165 
165 
166 
165 
162 
164 
163 
164 
164 
165 
164 
164 
163 
165 
165 
167 
168 
166 
167 
165 
165 
165 
164 
163 
163 
165 
165 
164 
164 
166 
164 
164 
165 
165 
164 
164 
164 
164 
165 
165 
164 
164 
164 
165 
164 
166 
164 
165 
165 
164 
165 
164 
164 
165 
164 
164 
163 
162 
165 
162 
162 
165 
164 
165 
164 
165 
164 
165 
164 
165 
165 
165 
163 
163 
165 
165 
164 
163 
163 
164 
163 
164 
163 
164 
164 
164 
164 
164 
163 
165 
163 
165 
161 
162 
163 
162 
163 
160 
165 
163 
164 
164 
162 
162 
161 
163 
163 
163 
162 
162 
162 
163 
162 
163 
164 
165 
163 
163 
162 
162 
162 
162 
160 
161 
162 
162 
161 
162 
161 
161 
162 
161 
161 
162 
161 
162 
161 
162 
162 
162 
162 
160 
160 
160 
161 
160 
161 
159 
160 
163 
163 
162 
163 
162 
160 
159 
162 
161 
163 
163 
162 
162 
161 
163 
165 
160 
162 
160 
160 
160 
160 
162 
162 
161 
158 
159 
161 
160 
161 
157 
159 
159 
158 
162 
161 
160 
161 
160 
162 
161 
162 
160 
163 
162 
162 
160 
159 
160 
162 
162 
161 
162 
160 
161 
159 
158 
159 
160 
161 
161 
164 
162 
162 
163 
165 
163 
161 
162 
162 
160 
161 
161 
160 
161 
161 
161 
162 
162 
162 
161 
162 
160 
160 
161 
162 
159 
161 
161 
162 
165 
165 
165 
163 
163 
162 
161 
163 
162 
162 
164 
148 
150 
151 
151 
155 
154 
155 
156 
152 
155 
155 
158 
156 
154 
161 
150 
154 
148 
149 
150 
148 
152 
150 
154 
155 
156 
158 
155 
155 
154 
153 
153 
153 
151 
149 
148 
152 
154 
153 
158 
154 
157 
157 
162 
155 
159 
156 
157 
148 
151 
148 
147 
148 
148 
156 
155 
158 
163 
161 
160 
160 
161 
155 
162 
152 
154 
152 
150 
152 
151 
152 
150 
156 
156 
158 
157 
155 
158 
157 
161 
155 
158 
152 
157 
154 
154 
153 
154 
154 
153 
158 
157 
161 
163 
162 
162 
162 
164 
155 
159 
155 
154 
152 
152 
158 
153 
160 
160 
163 
167 
159 
165 
162 
165 
155 
160 
155 
156 
153 
153 
159 
155 
161 
158 
161 
165 
161 
165 
160 
167 
160 
164 
157 
158 
158 
156 
156 
156 
157 
159 
160 
163 
160 
166 
162 
163 
162 
170 
158 
159 
156 
154 
153 
151 
153 
153 
158 
164 
166 
167 
166 
174 
163 
168 
164 
169 
159 
157 
157 
154 
155 
155 
158 
161 
162 
161 
163 
171 
165 
169 
160 
174 
161 
161 
159 
154 
155 
154 
153 
156 
153 
160 
162 
168 
172 
167 
170 
169 
163 
167 
164 
167 
163 
165 
160 
159 
160 
159 
163 
160 
166 
168 
170 
167 
172 
168 
175 
167 
171 
166 
167 
160 
163 
160 
160 
162 
163 
163 
166 
166 
168 
175 
168 
177 
171 
170 
171 
169 
173 
163 
165 
163 
163 
163 
163 
166 
167 
170 
168 
170 
168 
173 
166 
174 
166 
172 
167 
166 
163 
161 
160 
161 
163 
167 
168 
170 
169 
170 
170 
173 
172 
175 
165 
181 
162 
175 
161 
160 
158 
160 
161 
161 
163 
167 
168 
169 
170 
171 
170 
172 
170 
181 
168 
171 
162 
171 
163 
160 
161 
162 
161 
165 
163 
169 
172 
169 
168 
170 
168 
175 
166 
173 
164 
167 
165 
163 
163 
162 
162 
162 
163 
165 
166 
169 
168 
169 
165 
176 
172 
167 
169 
164 
165 
162 
159 
158 
158 
159 
161 
159 
162 
157 
162 
163 
165 
166 
170 
165 
170 
159 
163 
161 
160 
159 
158 
158 
158 
156 
160 
164 
163 
165 
167 
166 
167 
168 
165 
172 
161 
165 
161 
161 
161 
162 
160 
163 
163 
165 
169 
168 
168 
168 
166 
165 
169 
165 
169 
162 
162 
163 
162 
162 
163 
163 
165 
164 
164 
165 
172 
162 
163 
162 
162 
163 
158 
159 
158 
159 
160 
160 
159 
160 
160 
162 
163 
163 
164 
167 
166 
165 
169 
164 
165 
164 
161 
162 
157 
158 
158 
156 
158 
159 
160 
161 
160 
162 
159 
161 
161 
157 
161 
158 
158 
159 
157 
156 
157 
157 
158 
157 
158 
159 
159 
159 
158 
160 
156 
158 
156 
158 
156 
155 
154 
157 
159 
159 
159 
161 
161 
159 
160 
159 
161 
163 
158 
158 
158 
156 
159 
156 
157 
158 
158 
159 
159 
161 
160 
159 
159 
158 
157 
156 
156 
158 
157 
154 
155 
154 
154 
153 
153 
153 
153 
156 
156 
155 
155 
154 
156 
153 
153 
153 
154 
155 
156 
153 
154 
157 
157 
160 
159 
159 
157 
158 
158 
156 
157 
156 
155 
154 
156 
153 
153 
153 
153 
157 
156 
158 
157 
159 
157 
160 
157 
161 
159 
156 
154 
152 
153 
153 
153 
155 
155 
152 
153 
153 
152 
154 
155 
155 
158 
156 
155 
155 
157 
154 
155 
154 
153 
157 
153 
151 
154 
152 
153 
153 
152 
152 
152 
152 
152 
153 
153 
153 
154 
152 
152 
154 
150 
151 
148 
148 
147 
146 
147 
148 
149 
151 
151 
151 
153 
152 
152 
150 
149 
152 
152 
152 
152 
152 
153 
151 
153 
153 
154 
153 
152 
152 
151 
151 
150 
151 
150 
149 
149 
147 
147 
148 
147 
148 
145 
145 
144 
145 
146 
146 
144 
143 
141 
139 
