187 
187 
186 
187 
186 
184 
187 
188 
184 
183 
187 
187 
185 
188 
189 
189 
189 
187 
187 
187 
187 
185 
186 
186 
185 
186 
187 
187 
187 
187 
187 
187 
186 
183 
186 
185 
185 
187 
184 
184 
184 
185 
184 
184 
182 
182 
180 
179 
178 
179 
179 
179 
178 
179 
179 
180 
180 
180 
177 
179 
178 
177 
176 
175 
174 
174 
174 
171 
172 
173 
174 
173 
173 
172 
171 
169 
170 
166 
168 
165 
167 
166 
167 
166 
165 
164 
163 
162 
161 
161 
159 
158 
157 
156 
155 
155 
156 
156 
158 
156 
155 
155 
155 
156 
155 
156 
156 
155 
157 
158 
158 
158 
157 
156 
157 
156 
156 
156 
157 
157 
156 
157 
157 
157 
157 
158 
158 
157 
157 
156 
157 
157 
159 
158 
156 
159 
154 
152 
150 
146 
136 
122 
110 
100 
88 
83 
71 
59 
50 
39 
35 
32 
29 
20 
20 
19 
14 
12 
12 
14 
15 
16 
17 
15 
14 
16 
14 
14 
16 
16 
15 
14 
13 
13 
14 
14 
13 
27 
52 
73 
81 
65 
31 
11 
19 
25 
23 
24 
22 
22 
19 
18 
18 
19 
18 
18 
17 
17 
17 
17 
17 
18 
18 
17 
16 
16 
17 
18 
21 
21 
22 
18 
15 
15 
14 
12 
12 
12 
12 
12 
15 
15 
14 
15 
11 
9 
10 
11 
11 
11 
11 
11 
9 
11 
11 
8 
10 
10 
10 
10 
10 
9 
10 
11 
10 
12 
11 
11 
13 
13 
12 
13 
12 
11 
14 
14 
13 
14 
13 
13 
15 
14 
13 
14 
14 
13 
14 
15 
12 
11 
12 
11 
11 
12 
11 
12 
12 
11 
11 
14 
14 
15 
15 
15 
14 
15 
15 
15 
15 
15 
15 
14 
16 
16 
14 
15 
14 
14 
14 
14 
14 
15 
15 
15 
16 
16 
16 
14 
15 
14 
13 
14 
14 
14 
13 
14 
14 
14 
15 
17 
15 
17 
17 
18 
16 
19 
18 
19 
19 
19 
19 
19 
19 
17 
19 
18 
18 
19 
19 
18 
18 
18 
16 
16 
16 
16 
17 
20 
21 
21 
18 
19 
16 
17 
18 
18 
17 
16 
17 
17 
14 
16 
16 
19 
20 
19 
20 
20 
19 
20 
19 
18 
19 
19 
19 
17 
20 
18 
18 
20 
22 
21 
19 
19 
19 
21 
22 
21 
21 
21 
22 
20 
19 
18 
20 
20 
21 
20 
21 
21 
21 
20 
22 
20 
21 
20 
19 
20 
20 
18 
20 
21 
20 
21 
22 
20 
21 
21 
21 
21 
19 
22 
21 
22 
22 
22 
20 
21 
22 
23 
22 
23 
23 
23 
22 
22 
22 
22 
23 
24 
24 
24 
23 
22 
23 
24 
23 
25 
24 
27 
24 
23 
25 
26 
26 
25 
26 
27 
26 
27 
27 
27 
27 
27 
27 
25 
27 
27 
26 
27 
26 
27 
26 
24 
25 
24 
26 
27 
28 
29 
187 
187 
186 
190 
191 
190 
191 
189 
192 
191 
192 
191 
190 
193 
193 
194 
194 
193 
194 
193 
195 
195 
195 
193 
193 
194 
192 
194 
195 
194 
195 
195 
194 
191 
190 
193 
194 
195 
193 
193 
195 
195 
195 
195 
194 
195 
192 
194 
192 
192 
192 
192 
195 
194 
193 
193 
193 
194 
194 
194 
195 
194 
194 
194 
195 
194 
195 
194 
194 
195 
194 
195 
195 
195 
195 
195 
195 
195 
195 
195 
195 
195 
195 
195 
195 
195 
195 
195 
195 
195 
194 
191 
193 
190 
194 
193 
194 
193 
193 
194 
193 
192 
191 
192 
191 
192 
192 
192 
192 
192 
193 
192 
190 
191 
194 
193 
194 
193 
192 
193 
194 
191 
193 
189 
189 
191 
189 
189 
191 
190 
191 
190 
190 
191 
192 
190 
191 
191 
192 
192 
192 
191 
191 
192 
192 
191 
190 
189 
189 
191 
190 
191 
191 
191 
191 
191 
191 
191 
191 
190 
191 
190 
191 
191 
189 
190 
189 
188 
188 
189 
185 
187 
189 
188 
189 
189 
187 
186 
188 
188 
188 
187 
188 
187 
188 
188 
187 
187 
187 
188 
187 
188 
188 
185 
187 
186 
186 
187 
186 
187 
187 
184 
185 
186 
186 
185 
186 
187 
183 
183 
183 
184 
184 
183 
183 
185 
185 
185 
182 
184 
183 
183 
184 
181 
181 
183 
182 
183 
182 
179 
181 
182 
181 
181 
181 
181 
181 
181 
184 
183 
183 
178 
180 
182 
181 
178 
179 
179 
179 
180 
180 
179 
179 
178 
179 
179 
178 
179 
177 
177 
178 
177 
177 
176 
176 
175 
175 
175 
175 
176 
175 
176 
176 
175 
174 
175 
174 
174 
174 
176 
175 
174 
173 
173 
173 
175 
172 
173 
172 
172 
174 
173 
173 
173 
172 
172 
171 
171 
170 
171 
171 
171 
172 
171 
171 
171 
172 
171 
169 
171 
170 
171 
169 
168 
169 
170 
167 
169 
169 
169 
169 
168 
169 
166 
167 
168 
166 
168 
166 
166 
166 
167 
167 
164 
165 
164 
164 
165 
164 
160 
162 
163 
163 
163 
163 
165 
162 
163 
164 
163 
161 
162 
164 
162 
163 
160 
159 
157 
155 
162 
157 
160 
161 
159 
160 
160 
162 
162 
162 
162 
158 
158 
158 
157 
160 
159 
157 
158 
159 
160 
159 
156 
159 
160 
158 
155 
155 
156 
155 
154 
154 
155 
154 
153 
154 
154 
154 
152 
153 
152 
151 
152 
151 
152 
152 
150 
151 
152 
153 
152 
153 
152 
150 
149 
151 
151 
150 
149 
150 
148 
148 
148 
149 
148 
149 
147 
147 
147 
148 
148 
147 
148 
146 
145 
143 
147 
131 
141 
144 
144 
145 
148 
147 
112 
129 
136 
142 
142 
141 
142 
142 
141 
142 
141 
142 
140 
137 
136 
132 
128 
125 
123 
119 
116 
113 
114 
110 
109 
109 
108 
105 
97 
100 
89 
71 
68 
62 
61 
59 
55 
61 
58 
54 
51 
51 
49 
49 
50 
49 
46 
47 
42 
40 
41 
42 
40 
39 
36 
37 
36 
34 
34 
33 
31 
30 
28 
30 
29 
29 
25 
27 
24 
21 
22 
21 
21 
19 
17 
15 
18 
17 
16 
13 
9 
6 
3 
4 
2 
2 
1 
1 
1 
3 
2 
1 
3 
3 
2 
4 
4 
3 
4 
4 
6 
5 
6 
9 
12 
16 
11 
3 
9 
49 
98 
108 
114 
113 
116 
122 
125 
123 
122 
122 
123 
124 
123 
125 
124 
124 
123 
122 
123 
121 
121 
120 
113 
111 
111 
114 
121 
121 
123 
121 
122 
121 
121 
120 
121 
120 
121 
120 
121 
121 
120 
117 
119 
118 
118 
117 
118 
117 
116 
119 
116 
116 
117 
118 
117 
117 
116 
114 
116 
116 
115 
115 
113 
115 
116 
117 
115 
114 
112 
113 
113 
113 
114 
114 
114 
113 
110 
109 
113 
113 
111 
110 
109 
110 
108 
109 
106 
