205 
205 
205 
205 
205 
205 
205 
205 
205 
205 
205 
205 
205 
205 
205 
205 
205 
205 
205 
205 
205 
205 
205 
205 
205 
205 
205 
205 
205 
205 
205 
205 
205 
205 
205 
205 
205 
205 
205 
205 
205 
205 
205 
205 
205 
205 
205 
205 
205 
205 
205 
205 
205 
205 
205 
205 
205 
205 
205 
205 
205 
205 
205 
205 
205 
205 
205 
205 
205 
205 
205 
205 
205 
205 
205 
205 
205 
205 
205 
205 
205 
205 
205 
205 
205 
205 
205 
205 
205 
205 
205 
205 
205 
205 
205 
205 
205 
205 
205 
205 
205 
205 
205 
205 
205 
205 
205 
205 
205 
205 
205 
205 
205 
205 
205 
205 
205 
205 
205 
205 
205 
205 
205 
205 
205 
205 
205 
205 
205 
205 
205 
205 
205 
205 
205 
205 
205 
205 
205 
205 
205 
205 
205 
205 
205 
205 
205 
205 
205 
205 
205 
205 
205 
205 
205 
205 
205 
205 
205 
205 
205 
205 
205 
205 
205 
205 
205 
205 
205 
205 
205 
205 
205 
205 
205 
205 
205 
205 
205 
205 
205 
205 
205 
205 
205 
205 
205 
205 
205 
205 
205 
205 
205 
205 
205 
205 
205 
205 
205 
205 
205 
205 
205 
205 
205 
205 
205 
205 
205 
205 
205 
205 
205 
205 
205 
205 
205 
205 
205 
205 
205 
205 
205 
205 
205 
205 
205 
205 
205 
205 
205 
205 
205 
205 
205 
205 
205 
205 
205 
205 
205 
205 
205 
205 
205 
205 
205 
205 
205 
205 
205 
205 
205 
205 
205 
205 
205 
205 
205 
205 
205 
205 
205 
205 
205 
205 
205 
205 
205 
205 
205 
205 
205 
205 
205 
205 
205 
205 
205 
205 
205 
205 
205 
205 
205 
205 
205 
205 
205 
205 
205 
205 
205 
205 
205 
205 
205 
205 
205 
205 
205 
205 
205 
205 
205 
205 
205 
205 
205 
205 
205 
205 
205 
205 
205 
205 
205 
205 
205 
205 
205 
205 
205 
205 
205 
205 
205 
205 
205 
205 
205 
205 
205 
205 
205 
205 
205 
205 
205 
205 
205 
205 
205 
205 
205 
205 
205 
205 
205 
205 
205 
205 
205 
205 
205 
205 
205 
205 
205 
205 
205 
205 
205 
205 
205 
205 
205 
205 
205 
205 
205 
205 
205 
205 
205 
205 
205 
205 
205 
205 
205 
205 
205 
205 
205 
205 
205 
205 
205 
205 
205 
205 
205 
205 
205 
205 
205 
205 
205 
205 
205 
205 
205 
205 
205 
205 
205 
205 
205 
205 
205 
205 
205 
205 
205 
205 
205 
205 
205 
205 
205 
205 
205 
205 
205 
205 
205 
205 
205 
205 
205 
205 
205 
205 
205 
205 
205 
205 
205 
205 
205 
205 
205 
205 
205 
205 
205 
205 
205 
205 
205 
205 
205 
205 
205 
205 
205 
205 
205 
205 
205 
205 
205 
205 
205 
205 
205 
205 
205 
205 
205 
205 
205 
205 
205 
205 
205 
205 
205 
205 
205 
205 
205 
205 
205 
205 
205 
205 
205 
205 
205 
205 
205 
205 
205 
205 
205 
205 
205 
205 
205 
205 
205 
205 
205 
205 
205 
205 
205 
205 
205 
205 
205 
205 
205 
205 
205 
205 
205 
205 
205 
205 
205 
205 
205 
205 
205 
205 
205 
205 
205 
205 
205 
205 
205 
205 
205 
205 
205 
205 
205 
205 
205 
205 
205 
205 
205 
205 
205 
205 
205 
205 
205 
205 
205 
205 
205 
205 
205 
205 
205 
205 
205 
205 
205 
205 
205 
205 
205 
205 
205 
205 
205 
205 
205 
205 
205 
205 
205 
205 
205 
205 
205 
205 
205 
205 
205 
205 
205 
205 
205 
205 
205 
205 
205 
205 
205 
205 
205 
205 
205 
205 
205 
205 
205 
205 
205 
205 
205 
205 
205 
205 
205 
205 
205 
205 
205 
205 
205 
205 
205 
205 
205 
205 
205 
205 
205 
205 
205 
205 
205 
205 
205 
205 
205 
205 
205 
205 
205 
205 
205 
96 
11 
16 
107 
214 
253 
195 
84 
6 
22 
118 
222 
252 
185 
74 
3 
28 
130 
229 
249 
175 
63 
1 
36 
141 
236 
246 
164 
54 
0 
45 
153 
241 
241 
153 
45 
0 
54 
164 
246 
236 
141 
36 
1 
64 
175 
249 
229 
130 
28 
3 
74 
185 
252 
222 
118 
22 
6 
84 
195 
253 
214 
107 
16 
11 
96 
205 
254 
205 
96 
11 
16 
107 
214 
253 
195 
84 
6 
22 
118 
222 
252 
185 
74 
3 
28 
130 
229 
249 
175 
63 
1 
36 
141 
236 
246 
164 
54 
0 
45 
153 
241 
241 
153 
45 
0 
54 
164 
246 
236 
141 
36 
1 
64 
175 
249 
229 
130 
28 
3 
74 
185 
252 
222 
118 
22 
6 
84 
195 
253 
214 
107 
16 
11 
96 
205 
254 
205 
96 
11 
16 
107 
214 
253 
195 
84 
6 
22 
118 
222 
252 
185 
74 
3 
28 
130 
229 
249 
175 
64 
1 
36 
141 
236 
246 
164 
54 
0 
45 
153 
241 
241 
153 
45 
0 
54 
164 
246 
236 
141 
36 
1 
64 
175 
249 
229 
130 
28 
3 
74 
185 
252 
222 
118 
22 
6 
84 
195 
253 
214 
107 
16 
11 
96 
205 
254 
205 
96 
11 
16 
107 
214 
253 
195 
84 
6 
22 
118 
222 
252 
185 
74 
3 
28 
130 
229 
249 
175 
63 
1 
36 
141 
236 
246 
164 
54 
0 
45 
153 
241 
241 
153 
45 
0 
54 
164 
246 
236 
141 
36 
1 
64 
175 
249 
229 
130 
28 
3 
74 
185 
252 
222 
118 
22 
6 
84 
195 
253 
214 
107 
16 
11 
96 
205 
254 
205 
96 
11 
16 
107 
214 
253 
195 
84 
6 
22 
118 
222 
252 
185 
74 
3 
28 
130 
229 
249 
175 
64 
1 
36 
141 
236 
246 
164 
54 
0 
45 
153 
241 
241 
153 
45 
0 
54 
164 
246 
236 
141 
36 
1 
63 
175 
249 
229 
130 
28 
3 
74 
185 
252 
222 
118 
22 
6 
84 
195 
253 
214 
107 
16 
11 
96 
205 
254 
205 
96 
11 
16 
107 
214 
253 
195 
84 
6 
22 
118 
222 
252 
185 
74 
3 
28 
130 
229 
249 
175 
63 
1 
36 
141 
236 
246 
164 
54 
0 
45 
153 
241 
241 
153 
45 
0 
54 
164 
246 
236 
141 
36 
1 
64 
175 
249 
229 
130 
28 
3 
74 
185 
252 
222 
118 
22 
6 
84 
195 
253 
214 
107 
16 
11 
96 
205 
254 
205 
96 
11 
16 
107 
214 
253 
195 
84 
6 
22 
118 
222 
252 
185 
74 
3 
28 
130 
229 
249 
175 
63 
1 
36 
141 
236 
246 
164 
54 
0 
45 
153 
241 
241 
153 
45 
0 
54 
164 
246 
236 
141 
36 
1 
64 
175 
249 
229 
130 
28 
3 
74 
185 
252 
222 
118 
22 
6 
84 
195 
253 
214 
107 
16 
11 
