239 
196 
136 
75 
26 
1 
8 
43 
99 
161 
216 
248 
251 
224 
173 
111 
53 
13 
0 
19 
63 
124 
185 
232 
253 
244 
206 
149 
87 
34 
4 
4 
34 
87 
149 
206 
244 
253 
232 
185 
124 
64 
19 
0 
13 
53 
111 
173 
224 
251 
248 
216 
161 
99 
43 
8 
1 
26 
75 
136 
196 
239 
254 
239 
196 
136 
75 
26 
1 
8 
43 
99 
161 
216 
248 
251 
224 
173 
111 
53 
13 
0 
19 
63 
124 
185 
232 
253 
244 
206 
149 
87 
34 
4 
4 
34 
87 
149 
206 
244 
253 
232 
185 
124 
64 
19 
0 
13 
53 
111 
173 
224 
251 
248 
216 
161 
99 
43 
8 
1 
26 
75 
136 
196 
239 
254 
239 
196 
136 
75 
26 
1 
8 
43 
99 
161 
216 
248 
251 
224 
173 
111 
53 
13 
0 
19 
63 
124 
185 
232 
253 
244 
206 
149 
87 
34 
4 
4 
34 
87 
149 
206 
244 
253 
232 
185 
124 
64 
19 
0 
13 
53 
111 
173 
224 
251 
248 
216 
161 
99 
43 
8 
1 
26 
75 
136 
196 
239 
254 
239 
196 
136 
75 
26 
1 
8 
43 
99 
161 
216 
248 
251 
224 
173 
111 
53 
13 
0 
19 
63 
124 
185 
232 
253 
244 
206 
149 
87 
34 
4 
4 
34 
87 
149 
206 
244 
253 
232 
185 
124 
64 
19 
0 
13 
53 
111 
173 
224 
251 
248 
216 
161 
99 
43 
8 
1 
26 
75 
136 
196 
239 
254 
239 
196 
136 
75 
26 
1 
8 
43 
99 
161 
216 
248 
251 
224 
173 
111 
53 
13 
0 
19 
63 
124 
185 
232 
253 
244 
206 
149 
87 
34 
4 
4 
34 
87 
149 
206 
244 
253 
232 
185 
124 
64 
19 
0 
13 
53 
111 
173 
224 
251 
248 
216 
161 
99 
43 
8 
1 
26 
75 
136 
196 
239 
254 
239 
196 
136 
75 
26 
1 
8 
43 
99 
161 
216 
248 
251 
224 
173 
111 
53 
13 
0 
19 
63 
124 
185 
232 
253 
244 
206 
149 
87 
34 
4 
4 
34 
87 
149 
206 
244 
253 
232 
185 
124 
64 
19 
0 
13 
53 
111 
173 
224 
251 
248 
216 
161 
99 
43 
8 
1 
26 
75 
136 
196 
239 
254 
239 
196 
136 
75 
26 
1 
8 
43 
99 
161 
216 
248 
251 
224 
173 
111 
53 
13 
0 
19 
63 
124 
185 
232 
253 
244 
206 
149 
87 
34 
4 
4 
34 
87 
149 
206 
244 
253 
232 
185 
124 
64 
19 
0 
13 
53 
111 
173 
224 
251 
248 
216 
161 
99 
43 
8 
1 
26 
75 
136 
196 
239 
254 
239 
196 
136 
75 
26 
1 
8 
43 
99 
161 
216 
248 
251 
224 
173 
111 
53 
13 
0 
19 
63 
124 
185 
232 
253 
244 
206 
149 
87 
34 
4 
4 
34 
87 
149 
206 
244 
253 
232 
185 
124 
64 
19 
0 
13 
53 
111 
173 
224 
251 
248 
216 
161 
99 
43 
8 
1 
26 
75 
136 
196 
239 
254 
239 
196 
136 
75 
26 
1 
8 
43 
99 
161 
216 
248 
251 
224 
173 
111 
53 
13 
0 
19 
63 
124 
185 
232 
253 
244 
206 
149 
87 
34 
4 
4 
34 
87 
149 
206 
244 
253 
232 
185 
124 
64 
19 
0 
13 
53 
111 
173 
224 
251 
248 
216 
161 
99 
43 
8 
1 
26 
75 
136 
196 
239 
254 
239 
196 
136 
75 
26 
1 
8 
43 
99 
161 
216 
248 
251 
224 
173 
111 
53 
13 
0 
19 
63 
124 
185 
232 
253 
244 
206 
149 
87 
34 
4 
4 
34 
87 
149 
206 
244 
253 
232 
185 
124 
64 
19 
0 
13 
53 
111 
173 
224 
251 
248 
216 
161 
99 
43 
8 
1 
26 
75 
136 
196 
239 
254 
239 
196 
136 
75 
26 
1 
8 
43 
99 
161 
239 
239 
239 
239 
239 
239 
239 
239 
239 
239 
239 
239 
239 
239 
239 
239 
239 
239 
239 
239 
239 
239 
239 
239 
239 
239 
239 
239 
239 
239 
239 
239 
239 
239 
239 
239 
239 
239 
239 
239 
239 
239 
239 
239 
239 
239 
239 
239 
239 
239 
239 
239 
239 
239 
239 
239 
239 
239 
239 
239 
239 
239 
239 
239 
239 
239 
239 
239 
239 
239 
239 
239 
239 
239 
239 
239 
239 
239 
239 
239 
239 
239 
239 
239 
239 
239 
239 
239 
239 
239 
239 
239 
239 
239 
239 
239 
239 
239 
239 
239 
239 
239 
239 
239 
239 
239 
239 
239 
239 
239 
239 
239 
239 
239 
239 
239 
239 
239 
239 
239 
239 
239 
239 
239 
239 
239 
239 
239 
239 
239 
239 
239 
239 
239 
239 
239 
239 
239 
239 
239 
239 
239 
239 
239 
239 
239 
239 
239 
239 
239 
239 
239 
239 
239 
239 
239 
239 
239 
239 
239 
239 
239 
239 
239 
239 
239 
239 
239 
239 
239 
239 
239 
239 
239 
239 
239 
239 
239 
239 
239 
239 
239 
239 
239 
239 
239 
239 
239 
239 
239 
239 
239 
239 
239 
239 
239 
239 
239 
239 
239 
239 
239 
239 
239 
239 
239 
239 
239 
239 
239 
239 
239 
239 
239 
239 
239 
239 
239 
239 
239 
239 
239 
239 
239 
239 
239 
239 
239 
239 
239 
239 
239 
239 
239 
239 
239 
239 
239 
239 
239 
239 
239 
239 
239 
239 
239 
239 
239 
239 
239 
239 
239 
239 
239 
239 
239 
239 
239 
239 
239 
239 
239 
239 
239 
239 
239 
239 
239 
239 
239 
239 
239 
239 
239 
239 
239 
239 
239 
239 
239 
239 
239 
239 
239 
239 
239 
239 
239 
239 
239 
239 
239 
239 
239 
239 
239 
239 
239 
239 
239 
239 
239 
239 
239 
239 
239 
239 
239 
239 
239 
239 
239 
239 
239 
239 
239 
239 
239 
239 
239 
239 
239 
239 
239 
239 
239 
239 
239 
239 
239 
239 
239 
239 
239 
239 
239 
239 
239 
239 
239 
239 
239 
239 
239 
239 
239 
239 
239 
239 
239 
239 
239 
239 
239 
239 
239 
239 
239 
239 
239 
239 
239 
239 
239 
239 
239 
239 
239 
239 
239 
239 
239 
239 
239 
239 
239 
239 
239 
239 
239 
239 
239 
239 
239 
239 
239 
239 
239 
239 
239 
239 
239 
239 
239 
239 
239 
239 
239 
239 
239 
239 
239 
239 
239 
239 
239 
239 
239 
239 
239 
239 
239 
239 
239 
239 
239 
239 
239 
239 
239 
239 
239 
239 
239 
239 
239 
239 
239 
239 
239 
239 
239 
239 
239 
239 
239 
239 
239 
239 
239 
239 
239 
239 
239 
239 
239 
239 
239 
239 
239 
239 
239 
239 
239 
239 
239 
239 
239 
239 
239 
239 
239 
239 
239 
239 
239 
239 
239 
239 
239 
239 
239 
239 
239 
239 
239 
239 
239 
239 
239 
